$GNVTG,,T,,M,0.000,N,0.000,K,A*3D
$GNGGA,193440.00,5210.73040,N,02103.12114,E,1,12,99.99,109.1,M,34.3,M,,*76
$GNGSA,A,3,19,11,22,23,01,18,14,31,32,,,,99.99,99.99,99.99*2B
$GNGSA,A,3,84,85,78,83,77,69,70,68,,,,,99.99,99.99,99.99*2F
$GPGSV,3,1,12,01,69,167,53,03,70,277,31,11,42,185,44,12,03,009,34*70
$GPGSV,3,2,12,14,39,057,42,17,33,299,25,18,41,150,44,19,23,317,20*75
$GPGSV,3,3,12,22,86,070,36,23,31,209,48,31,29,092,46,32,21,050,40*71
$GLGSV,3,1,10,67,03,059,51,68,54,047,40,69,67,266,19,70,11,245,33*64
$GLGSV,3,2,10,76,01,343,10,77,20,038,31,78,13,089,43,83,24,175,35*68
$GLGSV,3,3,10,84,68,244,24,85,30,326,27*6E
$GNGLL,5210.73040,N,02103.12114,E,193440.00,A,A*7D
$GNRMC,193441.00,A,5210.73040,N,02103.12114,E,0.000,,140619,,,A*6E
